
FlushFlush-32768000-stat,
	0.061700	1.000000	1.000000	0.823400	1.000000	1.000000	0.687200	0.973600	0.720500	0.729100	1.000000	1.000000	1.000000	0.707800	1.000000	0.680700	1.000000	0.944600	0.878600	0.450100	0.321500	0.285200	0.607400	0.595900	0.595900	0.952600	0.952700	0.674500	0.607500	0.674500	0.607500	1.000000	0.715700	1.000000	0.563700	1.000000	0.881400	0.744700	0.933900	1.000000	0.926800	1.000000	1.000000	1.000000	0.000800	1.000000	0.961900	1.000000	0.952800	1.000000	0.646500	0.000100	1.000000	0.744700	0.190600	0.323800	0.744700	1.000000	1.000000	0.720600	0.770500	0.910800	0.726400
FlushReload-32768000-stat,
	0.013200	0.569100	0.734300	0.139700	0.742900	1.000000	0.774700	0.480200	1.000000	0.997600	0.351500	0.742900	1.000000	0.422600	0.742900	0.440000	0.559200	0.721900	0.617600	1.000000	0.209800	0.186100	0.455300	0.444700	0.444700	0.776600	0.778500	0.504500	0.455100	0.504500	0.455100	0.317200	0.516400	0.538100	0.453900	0.869800	0.617700	0.596000	0.928800	0.895800	0.956000	0.840600	0.884600	0.895800	0.345800	0.936900	0.890400	0.864000	1.000000	0.858900	0.844000	1.000000	0.681800	0.596000	0.056600	0.052000	0.596000	0.681800	0.941300	1.000000	0.024400	0.922200	0.007100
GemsFDTD-32768000-stat,
	0.000000	0.000400	0.000600	0.000100	0.000600	0.000700	0.000500	0.000400	0.000800	0.000900	0.000200	0.000600	0.000700	0.000400	0.000600	0.000400	0.000400	0.000500	0.000600	0.001000	0.000200	0.000200	0.000400	0.000400	0.000400	0.000700	0.000700	0.000500	0.000400	0.000500	0.000400	0.000300	0.000500	0.000500	0.000400	0.000800	0.000600	0.000600	0.001000	0.000900	0.001000	0.000800	0.000900	0.000900	0.000500	0.000900	0.000800	0.000800	0.000900	0.000800	0.000800	0.000500	0.000700	0.000600	0.000000	0.000000	0.000600	0.000700	0.000700	0.001000	0.000000	0.001000	0.000000
Meltdown-32768000-stat,
	1.000000	0.130600	0.437900	0.000000	0.518600	1.000000	0.361300	0.110700	0.917000	0.377900	0.154800	0.518600	1.000000	0.082300	0.518600	0.062100	0.130600	0.602800	0.109300	0.083500	0.000000	0.000000	0.081700	0.085400	0.085400	0.094600	0.156500	0.039300	0.058600	0.039300	0.058600	0.114400	0.079300	0.108400	0.168700	0.491400	0.109600	0.091400	0.453400	0.491400	0.392000	0.491900	0.491400	0.491400	0.000100	0.521300	0.517100	0.491400	0.500600	0.491900	0.428500	0.000100	0.184000	0.091400	0.086900	0.114800	0.091400	0.184000	0.736500	0.503200	0.811600	0.440000	0.000000
PrimeProbe-32768000-stat,
	0.000000	0.001700	0.073900	0.000200	0.799700	1.000000	0.765600	0.053200	0.126000	0.101400	0.073900	0.799700	1.000000	0.056600	0.799700	0.001100	0.001700	0.408000	0.002000	0.456500	0.062100	0.062900	0.056300	0.056700	0.056700	0.002100	0.002500	0.054800	0.056400	0.054800	0.056400	0.054800	0.054900	0.052300	0.159500	0.758200	0.002000	0.002000	0.699900	0.758200	0.721900	0.053200	0.053200	0.758200	1.000000	0.059700	0.063100	0.758200	0.994300	0.758900	1.000000	0.000100	0.065900	0.002000	0.000100	0.000100	0.002000	0.065900	0.882600	0.604000	0.000000	0.679300	0.000000
SpectreRSB-32768000-stat,
	0.096600	0.856500	0.642200	0.020700	0.646300	1.000000	0.164000	0.293400	0.903100	0.643000	0.612300	0.646300	1.000000	0.609900	0.646300	0.592800	0.856500	0.546500	0.813400	0.448700	0.271300	0.240700	0.368200	0.366200	0.366200	0.382000	0.405500	0.393900	0.363700	0.393900	0.363700	0.456200	0.662600	0.331500	0.311000	0.767000	0.815900	0.906400	0.871300	0.769000	0.882200	0.755300	0.763600	0.769000	0.120600	0.842000	0.715200	0.767100	0.936800	0.765100	0.626400	0.000200	0.651400	0.906400	0.993300	1.000000	0.906400	0.651400	0.825200	0.886100	0.143000	0.865100	0.000000
SpectreV1-32768000-stat,
	0.092600	0.873800	0.648300	0.006900	0.651700	1.000000	0.243900	0.300000	0.898900	0.643300	0.571400	0.651700	1.000000	0.606900	0.651700	0.563900	0.873800	0.554300	0.806200	0.385600	0.258700	0.229500	0.337300	0.336100	0.336100	0.326100	0.352000	0.359800	0.333800	0.359800	0.333800	0.424300	0.633200	0.317200	0.090800	0.722000	0.808800	0.890800	0.808000	0.724400	0.817300	0.720900	0.725700	0.724400	0.036500	0.803500	0.671400	0.721900	0.900100	0.720900	0.585400	0.000200	0.623900	0.890800	0.898500	0.900700	0.890800	0.623900	0.841900	0.830500	0.106500	0.799300	0.000000
astar-32768000-stat,
	0.000000	0.000100	0.000200	0.000000	0.000200	0.000200	0.000100	0.000100	0.000300	0.000300	0.000100	0.000200	0.000200	0.000100	0.000200	0.000100	0.000100	0.000200	0.000200	0.000300	0.000100	0.000100	0.000100	0.000100	0.000100	0.000200	0.000200	0.000100	0.000100	0.000100	0.000100	0.000100	0.000200	0.000200	0.000100	0.000300	0.000200	0.000200	0.000300	0.000300	0.000300	0.000300	0.000300	0.000300	0.000100	0.000300	0.000300	0.000300	0.000300	0.000300	0.000200	0.000100	0.000200	0.000200	0.000000	0.000000	0.000200	0.000200	0.000200	0.000300	0.000000	0.000300	0.000000
breakingKslr-32768000-stat,
	1.000000	0.130600	0.437900	0.000000	0.518600	1.000000	0.361300	0.110700	0.917000	0.377900	0.154800	0.518600	1.000000	0.082300	0.518600	0.062100	0.130600	0.602800	0.109300	0.083500	0.000000	0.000000	0.081700	0.085400	0.085400	0.094600	0.156500	0.039300	0.058600	0.039300	0.058600	0.114400	0.079300	0.108400	0.168800	0.491400	0.109600	0.091400	0.453400	0.491400	0.392000	0.491900	0.491400	0.491400	0.000100	0.521300	0.517100	0.491400	0.491800	0.491900	0.423700	0.000100	0.184000	0.091400	0.086900	0.114800	0.091400	0.184000	0.736500	0.503200	0.811600	0.440000	0.000000
bwaves-32768000-stat,
	0.000000	0.000500	0.000700	0.000200	0.000700	0.001000	0.000600	0.000500	0.001100	0.001200	0.000300	0.000700	0.001000	0.000500	0.000700	0.000500	0.000500	0.000700	0.000700	0.001300	0.000300	0.000300	0.000600	0.000600	0.000600	0.000900	0.000900	0.000600	0.000600	0.000600	0.000600	0.000400	0.000700	0.000600	0.000500	0.001100	0.000700	0.000800	0.001200	0.001100	0.001300	0.001000	0.001100	0.001100	0.000600	0.001100	0.001000	0.001100	0.001100	0.001000	0.001000	0.000500	0.000900	0.000800	0.000000	0.000000	0.000800	0.000900	0.000900	0.001300	0.000000	0.001300	0.000000
bzip2-32768000-stat,
	0.000000	0.015600	0.020700	0.000000	0.020600	0.030300	0.000100	0.013300	0.031400	0.025300	0.018400	0.020600	0.030300	0.014100	0.020600	0.018700	0.015600	0.019600	0.013200	0.000400	0.000100	0.008000	0.014100	0.015400	0.015400	0.018800	0.018800	0.007900	0.014100	0.007900	0.014100	0.013700	0.013700	0.013000	0.000200	0.019600	0.013200	0.011100	0.018200	0.019700	0.018800	0.019600	0.019700	0.019700	0.000100	0.020600	0.018700	0.019600	0.016300	0.019700	0.012300	0.000000	0.016500	0.011100	0.000000	0.000000	0.011100	0.016500	0.027400	0.019000	0.000000	0.017700	0.000000
cactusADM-32768000-stat,
	0.000600	0.082200	0.102200	0.016700	0.102500	0.143100	0.099600	0.072200	0.156300	0.169800	0.047900	0.102500	0.143100	0.056700	0.102500	0.050600	0.080900	0.101700	0.097000	0.156800	0.024700	0.022000	0.067500	0.066000	0.066000	0.128500	0.128800	0.074800	0.067600	0.074800	0.067600	0.044800	0.074300	0.091000	0.064900	0.137100	0.097100	0.105100	0.157200	0.143800	0.161400	0.133300	0.144200	0.143800	0.088200	0.149200	0.134600	0.135900	0.158300	0.134700	0.141100	0.057500	0.107700	0.105100	0.008400	0.005500	0.105100	0.107700	0.130200	0.175500	0.000000	0.157700	0.000000
calculix-32768000-stat,
	0.000000	0.000400	0.000500	0.000100	0.000500	0.000700	0.000400	0.000300	0.000700	0.000800	0.000200	0.000500	0.000700	0.000300	0.000500	0.000400	0.000300	0.000500	0.000500	0.000900	0.000200	0.000200	0.000400	0.000400	0.000400	0.000600	0.000700	0.000400	0.000400	0.000400	0.000400	0.000200	0.000500	0.000500	0.000400	0.000800	0.000500	0.000600	0.000900	0.000800	0.000900	0.000700	0.000800	0.000800	0.000300	0.000800	0.000700	0.000800	0.000800	0.000800	0.000700	0.000400	0.000600	0.000600	0.000000	0.000000	0.000600	0.000600	0.000600	0.001000	0.000000	0.000900	0.000000
calibration-ff-32768000-stat,
	0.084900	0.321700	0.906800	1.000000	0.908800	1.000000	0.836400	1.000000	0.665300	1.000000	0.762700	0.908800	1.000000	0.286300	0.908800	0.374300	0.321700	1.000000	0.269200	0.273300	0.173600	0.154000	0.279800	0.278400	0.278400	0.362200	0.385500	0.301000	0.279800	0.301000	0.279800	0.845700	0.279900	0.986700	0.428300	0.869100	0.270000	0.225000	0.803200	0.869100	0.782100	0.870000	0.869000	0.869100	0.000100	0.878700	0.783300	0.869200	0.708600	0.870000	0.496400	0.000100	0.717800	0.225000	0.049200	0.025700	0.225000	0.717800	0.909100	0.625300	1.000000	0.780000	1.000000
calibration-fr-32768000-stat,
	0.276400	0.953200	0.696100	0.542500	0.720100	1.000000	0.769400	0.303700	0.400800	0.245000	0.612300	0.720100	1.000000	0.807000	0.720100	1.000000	0.953200	0.562300	1.000000	0.890800	0.478500	0.424400	0.747700	0.729700	0.729700	1.000000	1.000000	0.830300	0.747800	0.830300	0.747800	0.834900	0.898000	0.429000	1.000000	0.902300	1.000000	1.000000	1.000000	0.918800	1.000000	0.892200	0.929700	0.918800	0.304500	0.905000	1.000000	0.902300	0.965900	0.892200	0.832800	0.000100	0.788500	1.000000	1.000000	0.801800	1.000000	0.788500	0.691200	0.749500	0.493100	1.000000	0.000000
calibration-pp-32768000-stat,
	0.000000	0.000100	0.072600	0.000000	0.799900	1.000000	0.723500	0.052300	0.123700	0.099100	0.073000	0.799900	1.000000	0.055800	0.799900	0.000100	0.000100	0.407500	0.000100	0.529500	0.062000	0.062800	0.055400	0.055700	0.055700	0.000100	0.000200	0.053800	0.055400	0.053800	0.055400	0.054000	0.053800	0.051200	0.159000	0.757900	0.000100	0.000100	0.699300	0.757900	0.721200	0.051400	0.051300	0.757900	0.765900	0.057600	0.061200	0.757900	0.983900	0.758700	0.998100	0.000100	0.064500	0.000100	0.000000	0.000000	0.000100	0.064500	0.882400	0.602900	0.000000	0.678600	0.000000
dealII-32768000-stat,
	0.000000	0.580100	0.525000	0.067400	0.593400	1.000000	1.000000	0.285500	0.975300	0.514400	0.331400	0.593400	1.000000	0.306300	0.593400	0.082500	0.152800	0.507400	0.508400	0.599900	0.054900	0.049900	0.298400	0.294100	0.294100	0.656200	0.681400	0.320100	0.298900	0.320100	0.298900	0.268300	0.311200	0.295800	0.301500	0.595800	0.510000	0.449100	0.574900	0.600500	0.592700	0.463800	0.469000	0.600500	0.059000	0.574600	0.601400	0.594700	0.738100	0.594500	0.599500	0.971900	0.371900	0.449100	0.020200	0.017900	0.449100	0.371900	0.904500	0.687000	0.000200	0.561900	0.000000
gamess-32768000-stat,
	0.000000	0.000400	0.000500	0.000100	0.000500	0.000700	0.000400	0.000300	0.000800	0.000900	0.000200	0.000500	0.000700	0.000300	0.000500	0.000400	0.000300	0.000500	0.000500	0.000900	0.000200	0.000200	0.000400	0.000400	0.000400	0.000600	0.000700	0.000400	0.000400	0.000400	0.000400	0.000300	0.000500	0.000500	0.000400	0.000800	0.000500	0.000600	0.000900	0.000800	0.001000	0.000700	0.000800	0.000800	0.000500	0.000800	0.000700	0.000800	0.000800	0.000800	0.000700	0.000100	0.000600	0.000600	0.000000	0.000000	0.000600	0.000600	0.000600	0.001000	0.000000	0.000900	0.000000
gcc-32768000-stat,
	0.000000	0.131500	0.193600	0.050600	0.193800	0.253500	0.188700	0.142400	0.272400	0.332600	0.092600	0.193800	0.253500	0.089100	0.193800	0.072600	0.130900	0.198700	0.152600	0.284000	0.037100	0.033400	0.100800	0.098700	0.098700	0.190300	0.191200	0.111200	0.101000	0.111200	0.101000	0.089400	0.115500	0.173600	0.128400	0.251000	0.153000	0.158500	0.280900	0.262800	0.289600	0.245900	0.267000	0.262800	0.234500	0.280000	0.235700	0.249200	0.290400	0.247400	0.249300	0.031100	0.188100	0.158500	0.006000	0.002300	0.158500	0.188100	0.246100	0.313400	0.000000	0.281000	0.000000
gobmk-32768000-stat,
	0.000000	0.100000	0.345100	0.000900	0.343000	0.463600	0.120800	0.214300	0.512200	0.406800	0.298500	0.343000	0.463600	0.160500	0.343000	0.301800	0.099800	0.355200	0.084100	0.104300	0.113000	0.130000	0.159200	0.161800	0.161800	0.119600	0.119600	0.147700	0.159200	0.147700	0.159200	0.221000	0.154800	0.209900	0.100500	0.325500	0.084300	0.070400	0.300800	0.325600	0.310200	0.325100	0.325200	0.325600	0.017400	0.344600	0.274000	0.325500	0.350100	0.325800	0.254000	0.000200	0.225200	0.070400	0.000000	0.000000	0.070400	0.225200	0.456600	0.313100	0.000000	0.291900	0.000000
gromacs-32768000-stat,
	0.000000	0.001100	0.001700	0.000300	0.001800	0.002300	0.001600	0.001000	0.002600	0.002900	0.000700	0.001800	0.002300	0.001100	0.001800	0.000900	0.001000	0.001600	0.001500	0.002700	0.000700	0.000700	0.001300	0.001300	0.001300	0.001900	0.001900	0.001400	0.001300	0.001400	0.001300	0.000700	0.001400	0.001400	0.001000	0.002500	0.001400	0.001600	0.002900	0.002600	0.003000	0.002200	0.002300	0.002600	0.001600	0.002400	0.002300	0.002500	0.002800	0.002500	0.002500	0.000600	0.001800	0.001600	0.000100	0.000100	0.001600	0.001800	0.002200	0.003100	0.000000	0.002900	0.000000
h264ref-32768000-stat,
	0.000000	0.000200	0.000300	0.000100	0.000300	0.000300	0.000200	0.000200	0.000400	0.000500	0.000100	0.000300	0.000300	0.000200	0.000300	0.000200	0.000200	0.000300	0.000400	0.000500	0.000100	0.000100	0.000200	0.000200	0.000200	0.000300	0.000400	0.000200	0.000200	0.000200	0.000200	0.000200	0.000300	0.000300	0.000200	0.000500	0.000400	0.000400	0.000500	0.000500	0.000500	0.000400	0.000500	0.000500	0.000300	0.000500	0.000400	0.000400	0.000500	0.000400	0.000400	0.000100	0.000400	0.000400	0.000000	0.000000	0.000400	0.000400	0.000300	0.000500	0.000000	0.000500	0.000000
hmmer-32768000-stat,
	0.000000	0.000100	0.000200	0.000000	0.000200	0.000200	0.000100	0.000100	0.000200	0.000300	0.000100	0.000200	0.000200	0.000100	0.000200	0.000100	0.000100	0.000100	0.000200	0.000300	0.000100	0.000100	0.000100	0.000100	0.000100	0.000200	0.000200	0.000100	0.000100	0.000100	0.000100	0.000100	0.000200	0.000100	0.000100	0.000300	0.000200	0.000200	0.000300	0.000300	0.000300	0.000200	0.000300	0.000300	0.000100	0.000300	0.000200	0.000300	0.000300	0.000200	0.000200	0.000000	0.000200	0.000200	0.000000	0.000000	0.000200	0.000200	0.000200	0.000300	0.000000	0.000300	0.000000
lbm-32768000-stat,
	0.000000	0.000200	0.000200	0.000100	0.000200	0.000300	0.000200	0.000200	0.000300	0.000400	0.000100	0.000200	0.000300	0.000200	0.000200	0.000200	0.000200	0.000200	0.000200	0.000400	0.000100	0.000100	0.000200	0.000200	0.000200	0.000300	0.000300	0.000200	0.000200	0.000200	0.000200	0.000100	0.000200	0.000200	0.000100	0.000300	0.000200	0.000200	0.000400	0.000300	0.000400	0.000300	0.000300	0.000300	0.000100	0.000300	0.000300	0.000300	0.000300	0.000300	0.000300	0.000100	0.000300	0.000200	0.000000	0.000000	0.000200	0.000300	0.000300	0.000400	0.000000	0.000400	0.000000
leslie3d-32768000-stat,
	0.000000	0.000300	0.000400	0.000100	0.000400	0.000600	0.000300	0.000300	0.000600	0.000700	0.000200	0.000400	0.000600	0.000300	0.000400	0.000300	0.000300	0.000400	0.000400	0.000700	0.000200	0.000200	0.000300	0.000300	0.000300	0.000500	0.000500	0.000300	0.000300	0.000300	0.000300	0.000200	0.000400	0.000300	0.000300	0.000600	0.000400	0.000400	0.000700	0.000600	0.000700	0.000600	0.000600	0.000600	0.000300	0.000600	0.000600	0.000600	0.000700	0.000600	0.000600	0.000200	0.000500	0.000400	0.000000	0.000000	0.000400	0.000500	0.000500	0.000700	0.000000	0.000700	0.000000
libquantum-32768000-stat,
	0.000000	0.000100	0.000200	0.000000	0.000200	0.000200	0.000100	0.000100	0.000200	0.000200	0.000000	0.000200	0.000200	0.000100	0.000200	0.000100	0.000100	0.000100	0.000200	0.000300	0.000100	0.000100	0.000100	0.000100	0.000100	0.000200	0.000200	0.000100	0.000100	0.000100	0.000100	0.000100	0.000200	0.000100	0.000100	0.000200	0.000200	0.000200	0.000300	0.000300	0.000300	0.000200	0.000300	0.000300	0.000100	0.000300	0.000200	0.000200	0.000300	0.000200	0.000200	0.000200	0.000200	0.000200	0.000000	0.000000	0.000200	0.000200	0.000200	0.000300	0.000000	0.000300	0.000000
mcf-32768000-stat,
	0.000000	0.000100	0.000100	0.000000	0.000100	0.000100	0.000100	0.000100	0.000200	0.000200	0.000000	0.000100	0.000100	0.000100	0.000100	0.000100	0.000100	0.000100	0.000100	0.000200	0.000000	0.000000	0.000100	0.000100	0.000100	0.000100	0.000100	0.000100	0.000100	0.000100	0.000100	0.000000	0.000100	0.000100	0.000100	0.000200	0.000100	0.000100	0.000200	0.000200	0.000200	0.000200	0.000200	0.000200	0.000100	0.000200	0.000200	0.000200	0.000200	0.000200	0.000200	0.000200	0.000200	0.000100	0.000000	0.000000	0.000100	0.000200	0.000100	0.000200	0.000000	0.000200	0.000000
milc-32768000-stat,
	0.000000	0.000200	0.000300	0.000100	0.000300	0.000300	0.000200	0.000200	0.000400	0.000400	0.000100	0.000300	0.000300	0.000200	0.000300	0.000200	0.000200	0.000200	0.000300	0.000500	0.000100	0.000100	0.000200	0.000200	0.000200	0.000300	0.000300	0.000200	0.000200	0.000200	0.000200	0.000100	0.000200	0.000200	0.000200	0.000400	0.000300	0.000300	0.000500	0.000400	0.000500	0.000400	0.000400	0.000400	0.000200	0.000400	0.000400	0.000400	0.000400	0.000400	0.000400	0.000100	0.000300	0.000300	0.000000	0.000000	0.000300	0.000300	0.000300	0.000500	0.000000	0.000500	0.000000
namd-32768000-stat,
	0.000000	0.000100	0.000200	0.000000	0.000200	0.000200	0.000100	0.000100	0.000300	0.000300	0.000100	0.000200	0.000200	0.000100	0.000200	0.000100	0.000100	0.000200	0.000200	0.000300	0.000100	0.000100	0.000100	0.000100	0.000100	0.000200	0.000200	0.000100	0.000100	0.000100	0.000100	0.000100	0.000200	0.000200	0.000100	0.000300	0.000200	0.000200	0.000300	0.000300	0.000300	0.000300	0.000300	0.000300	0.000100	0.000300	0.000300	0.000300	0.000300	0.000300	0.000300	0.000000	0.000200	0.000200	0.000000	0.000000	0.000200	0.000200	0.000200	0.000400	0.000000	0.000300	0.000000
omnetpp-32768000-stat,
	0.000000	0.347000	0.472400	0.156000	0.469300	0.651100	0.744300	0.272400	0.483400	0.467300	0.187600	0.469300	0.651100	0.256200	0.469300	0.264100	0.346400	0.472300	0.300000	0.408900	0.126200	0.112100	0.215500	0.211400	0.211400	0.309000	0.314500	0.237800	0.216400	0.237800	0.216400	0.181400	0.258100	0.274500	0.152400	0.463300	0.300900	0.253300	0.433700	0.464500	0.447300	0.463100	0.474600	0.464500	0.298900	0.518800	0.548200	0.463200	0.547400	0.463500	0.516200	0.002500	0.318100	0.253300	0.014100	0.041200	0.253300	0.318100	0.576000	0.417600	0.000000	0.422500	0.000000
perlbench-32768000-stat,
	0.000000	0.004400	0.006500	0.001100	0.006500	0.009200	0.006500	0.004100	0.009500	0.010200	0.003100	0.006500	0.009200	0.003900	0.006500	0.004800	0.004400	0.006300	0.005500	0.009700	0.002400	0.002200	0.004500	0.004400	0.004400	0.006800	0.006800	0.004900	0.004500	0.004900	0.004500	0.002900	0.005100	0.005200	0.003900	0.008600	0.005500	0.006000	0.009900	0.009100	0.010100	0.008400	0.009000	0.009100	0.005000	0.009200	0.008600	0.008600	0.009600	0.008500	0.008500	0.010300	0.006800	0.006000	0.000600	0.000200	0.006000	0.006800	0.008100	0.010600	0.000000	0.009900	0.000000
povray-32768000-stat,
	0.000000	0.029700	0.040400	0.002000	0.040500	0.075800	0.028100	0.018100	0.076600	0.043700	0.011300	0.040500	0.075800	0.024800	0.040500	0.030200	0.029300	0.039200	0.027100	0.021300	0.014400	0.012800	0.025100	0.024600	0.024600	0.037000	0.037200	0.027900	0.025200	0.027900	0.025200	0.009600	0.025600	0.018900	0.014900	0.041300	0.027200	0.024800	0.040500	0.041800	0.041700	0.040600	0.041400	0.041800	0.010700	0.045700	0.055500	0.041200	0.050000	0.041100	0.048900	0.005900	0.027000	0.024800	0.000200	0.000300	0.024800	0.027000	0.060300	0.047500	0.000000	0.039700	0.000000
sjeng-32768000-stat,
	0.000000	0.249800	0.750400	0.058600	0.755100	1.000000	0.304600	0.368500	0.800700	0.809600	0.403600	0.755100	1.000000	1.000000	0.755100	0.228400	0.242800	0.516000	0.257800	0.358400	1.000000	1.000000	1.000000	1.000000	1.000000	0.319400	0.319300	1.000000	1.000000	1.000000	1.000000	0.322000	1.000000	0.390700	0.152300	0.777200	0.256800	0.252100	0.761400	0.787900	0.784600	0.517600	0.532900	0.787900	0.148900	0.569900	0.852800	0.775400	0.622800	0.773700	0.514700	0.070400	0.845400	0.252100	0.020200	0.008700	0.252100	0.845400	0.679200	0.585700	0.007000	0.746600	0.004300
soplex-32768000-stat,
	0.000000	0.001200	0.006000	0.000500	0.006000	0.008700	0.004800	0.004200	0.011800	0.008100	0.005400	0.006000	0.008700	0.002700	0.006000	0.005500	0.001100	0.006200	0.001300	0.002600	0.002500	0.002500	0.002700	0.002700	0.002700	0.001400	0.001400	0.002800	0.002700	0.002800	0.002700	0.004200	0.002800	0.004300	0.000900	0.006200	0.001300	0.001300	0.006000	0.006200	0.006200	0.006100	0.006200	0.006200	0.001200	0.006300	0.005900	0.006100	0.006400	0.006100	0.005100	0.000500	0.004500	0.001300	0.000100	0.000100	0.001300	0.004500	0.008600	0.006800	0.000000	0.005900	0.000000
sphinx3-32768000-stat,
	0.000000	0.000100	0.000200	0.000000	0.000200	0.000200	0.000100	0.000100	0.000300	0.000300	0.000100	0.000200	0.000200	0.000100	0.000200	0.000100	0.000100	0.000200	0.000200	0.000400	0.000100	0.000100	0.000200	0.000200	0.000200	0.000200	0.000300	0.000200	0.000200	0.000200	0.000200	0.000100	0.000200	0.000200	0.000100	0.000300	0.000200	0.000200	0.000400	0.000300	0.000400	0.000300	0.000300	0.000300	0.000100	0.000300	0.000300	0.000300	0.000300	0.000300	0.000300	0.000100	0.000300	0.000200	0.000000	0.000000	0.000200	0.000300	0.000200	0.000400	0.000000	0.000400	0.000000
tonto-32768000-stat,
	0.000000	0.000500	0.000800	0.000100	0.000800	0.001000	0.000700	0.000600	0.001200	0.001400	0.000400	0.000800	0.001000	0.000500	0.000800	0.000500	0.000500	0.000800	0.000800	0.001400	0.000300	0.000200	0.000600	0.000600	0.000600	0.001000	0.001000	0.000600	0.000600	0.000600	0.000600	0.000400	0.000700	0.000800	0.000500	0.001200	0.000800	0.000900	0.001400	0.001200	0.001400	0.001100	0.001200	0.001200	0.000900	0.001200	0.001100	0.001200	0.001300	0.001100	0.001100	0.000300	0.000900	0.000900	0.000100	0.000000	0.000900	0.000900	0.001000	0.001500	0.000000	0.001400	0.000000
wrf-32768000-stat,
	0.000000	0.000300	0.000500	0.000100	0.000500	0.000700	0.000400	0.000300	0.000700	0.000800	0.000200	0.000500	0.000700	0.000300	0.000500	0.000400	0.000300	0.000500	0.000500	0.000900	0.000200	0.000200	0.000400	0.000400	0.000400	0.000600	0.000600	0.000400	0.000400	0.000400	0.000400	0.000300	0.000500	0.000500	0.000400	0.000800	0.000500	0.000600	0.000900	0.000800	0.000900	0.000700	0.000800	0.000800	0.000400	0.000800	0.000700	0.000800	0.000800	0.000800	0.000700	0.000400	0.000600	0.000600	0.000000	0.000000	0.000600	0.000600	0.000600	0.000900	0.000000	0.000900	0.000000
xalancbmk-32768000-stat,
	0.000000	0.013900	0.017900	0.003900	0.017900	0.024600	0.018600	0.012100	0.025300	0.027800	0.007900	0.017900	0.024600	0.010700	0.017900	0.011600	0.013600	0.017500	0.016200	0.027900	0.005600	0.005000	0.012000	0.011700	0.011700	0.020200	0.020300	0.013200	0.012000	0.013200	0.012000	0.008300	0.013800	0.015400	0.011600	0.023700	0.016300	0.017700	0.027100	0.025000	0.027800	0.023100	0.025100	0.025000	0.015300	0.025500	0.023600	0.023500	0.026300	0.023300	0.023000	0.004100	0.019200	0.017700	0.001400	0.001100	0.017700	0.019200	0.022100	0.029200	0.000000	0.027200	0.000000
zeusmp-32768000-stat,
	0.000000	0.000300	0.000400	0.000100	0.000500	0.000600	0.000400	0.000300	0.000700	0.000700	0.000200	0.000500	0.000600	0.000300	0.000500	0.000400	0.000300	0.000400	0.000400	0.000800	0.000200	0.000200	0.000400	0.000400	0.000400	0.000500	0.000600	0.000400	0.000400	0.000400	0.000400	0.000200	0.000400	0.000400	0.000300	0.000700	0.000400	0.000500	0.000800	0.000700	0.000800	0.000600	0.000700	0.000700	0.000300	0.000700	0.000600	0.000700	0.000700	0.000700	0.000600	0.000400	0.000500	0.000500	0.000000	0.000000	0.000500	0.000500	0.000500	0.000800	0.000000	0.000800	0.000000